chr8	85110086	85110086	0.6
chr19	1407834	1407834	0.3333333333333333
chr2	37019897	37019897	0.5432098765432098
chr20	35716669	35716669	0.5263157894736842
chr7	138981143	138981143	0.2857142857142857
chr12	130821655	130821655	0.4891304347826087
chr6	22570143	22570143	0.5081967213114754
chr10	32543321	32543321	0.625
chrX	150663418	150663418	0.6086956521739131
chr19	48499129	48499129	0.5
chr13	23371018	23371018	0.5277777777777778
chr19	54153984	54153984	0.4897959183673469
chr1	117911935	117911935	0.5384615384615384
chr11	68120964	68120964	0.5041322314049587
chr8	144517573	144517573	0.5230769230769231
chr19	13208879	13208879	0.4262295081967213
chr3	33838194	33838194	0.47580645161290325
chr1	36466202	36466202	0.5892857142857143
chrX	77508555	77508555	0.6022727272727273
chr1	65572304	65572304	0.3548387096774194
chr1	17359391	17359391	0.47761194029850745
chr1	235172588	235172588	0.16666666666666666
chr19	45067371	45067371	0.6
chrX	71126309	71126309	0.5604395604395604
chr16	11166440	11166440	0.5739130434782609
chr19	14051550	14051550	0.5
chr8	68060780	68060780	0.6363636363636364
chr13	35070740	35070740	0.5196078431372549
chr10	89714926	89714926	0.3333333333333333
chr13	99971150	99971150	0.45652173913043476
chr14	24300643	24300643	0.452914798206278
chr17	63943006	63943006	0.46153846153846156
chr5	113563849	113563849	0.4717948717948718
chr10	91410428	91410428	0.5254237288135594
chr6	31629545	31629545	0.5299145299145299
chr1	25543663	25543663	0.42857142857142855
chr19	1407747	1407747	0.5238095238095238
chr14	88479264	88479264	0.45054945054945056
chrX	80688014	80688014	0.4772727272727273
chr3	126146777	126146777	0.48
chr19	16745039	16745039	0.5128205128205128
chr1	99742123	99742123	0.5352112676056338
chr15	72045678	72045678	0.4807692307692308
chr11	77955899	77955899	0.5208333333333334
chr2	233542232	233542232	0.4927536231884058
chr14	105211158	105211158	0.48484848484848486
chr5	90848599	90848599	0.3548387096774194
chr15	41711174	41711174	0.42138364779874216
chr2	196024363	196024363	0.4482758620689655
chr17	61408107	61408107	0.4838709677419355
chr17	16040364	16040364	0.5
chr17	16186602	16186602	0.47706422018348627
chr10	60068997	60068997	0.5103734439834025
chrX	3324782	3324782	0.6352941176470588
chr8	103885525	103885525	0.4972375690607735
chrX	71366498	71366498	0.5454545454545454
chr2	98610752	98610752	0.5235602094240838
chr1	9720372	9720372	0.4175824175824176
chr5	91150022	91150022	0.6379310344827587
chr11	45922915	45922915	0.5
chr22	41177139	41177139	0.48034934497816595
chr17	18988360	18988360	0.5497630331753555
chr17	1682071	1682071	0.5380710659898477
chr3	179209544	179209544	0.4909090909090909
chr11	119345695	119345695	0.5189873417721519
chr19	54930479	54930479	0.5
chr10	27082649	27082649	0.5053191489361702
chr15	58560830	58560830	0.6153846153846154
chr10	129963570	129963570	0.5714285714285714
chrX	80676882	80676882	0.38461538461538464
chr11	121549920	121549920	0.43478260869565216
chr5	53101512	53101512	0.4
chr17	79834475	79834475	0.546875
chr11	64773369	64773369	0.4811320754716981
chr19	10687386	10687386	0.5370370370370371
chr6	70172041	70172041	0.4846938775510204
chr1	216097042	216097042	0.48717948717948717
chr3	184230765	184230765	0.5714285714285714
chr6	89771488	89771488	0.4489795918367347
chr4	155353186	155353186	0.47058823529411764
chr8	143864107	143864107	0.3333333333333333
chr16	15038521	15038521	0.5567010309278351
chr4	105456748	105456748	0.5714285714285714
chr2	25768830	25768830	0.5146198830409356
chr12	39341557	39341557	0.5104895104895105
chr9	13157961	13157961	0.5384615384615384
chr18	607124	607124	0.5882352941176471
chr11	13962951	13962951	0.4215686274509804
chr17	79834112	79834112	0.45989304812834225
chr9	86323173	86323173	0.46503496503496505
chr12	50085281	50085281	0.6666666666666666
chr12	56092680	56092680	0.5423728813559322
chr7	123692781	123692781	0.4557823129251701
chr7	105102098	105102098	0.5529411764705883
chr12	121823315	121823315	0.3333333333333333
chr6	31954644	31954644	0.5824175824175825
chr6	160083921	160083921	0.5135135135135135
chr1	155763437	155763437	0.4152542372881356
chr14	21091983	21091983	0.5072463768115942
chr6	32830257	32830257	0.5588235294117647
chr2	40164836	40164836	0.5
chr15	52218519	52218519	0.5235294117647059
chr3	165830850	165830850	0.49
chr15	66563851	66563851	0.539906103286385
chr10	131116783	131116783	0.8
chr1	236553557	236553557	0.3829787234042553
chr15	51455086	51455086	0.4444444444444444
chr9	113184262	113184262	0.5206611570247934
chr17	74743171	74743171	0.32142857142857145
chr3	121667460	121667460	0.5698924731182796
chrX	111718232	111718232	0.5166666666666667
chr20	32780067	32780067	0.55
chr2	61488596	61488596	0.437125748502994
chr11	61786020	61786020	0.4305555555555556
chr8	109444563	109444563	0.5454545454545454
chr4	122229939	122229939	0.4444444444444444
chr4	72290757	72290757	0.5113636363636364
chr22	46377055	46377055	0.46788990825688076
chr4	26753792	26753792	0.532258064516129
chr3	64687537	64687537	0.4411764705882353
chr12	50098707	50098707	0.5185185185185185
chr8	52658800	52658800	0.5
chr1	53464654	53464654	0.45454545454545453
chr2	63887416	63887416	0.5161290322580645
chr5	123422871	123422871	0.4818181818181818
chr7	147395591	147395591	0.5380434782608695
chr17	35352304	35352304	0.5151515151515151
chr2	9882672	9882672	0.3488372093023256
chr4	61935900	61935900	0.5454545454545454
chr11	27721330	27721330	0.4329896907216495
chr15	74627947	74627947	0.52
chr11	72755625	72755625	0.5214285714285715
chr17	39490542	39490542	0.36
chr17	7500683	7500683	0.5753424657534246
chr4	185623941	185623941	0.5327102803738317
chr18	6973046	6973046	0.4587628865979381
chr22	43626409	43626409	0.34375
chr16	27549671	27549671	0.6
chr1	233179057	233179057	0.5654450261780105
chr1	183888422	183888422	0.5945945945945946
chr9	123070304	123070304	0.44672131147540983
chr2	48459695	48459695	0.5185185185185185
chr11	16852236	16852236	0.52
chr3	108971263	108971263	0.5463917525773195
chr16	15888468	15888468	0.5882352941176471
chr9	93675630	93675630	0.518918918918919
chr8	17069633	17069633	0.6875
chr1	201739967	201739967	0.52
chr16	11039730	11039730	0.453125
chr9	8338881	8338881	0.4166666666666667
chr19	10489197	10489197	0.5
chr4	113358913	113358913	0.5476190476190477
chr5	123386698	123386698	0.44594594594594594
chr11	68065737	68065737	0.5108695652173914
chr11	31414796	31414796	0.48
chr1	8655953	8655953	0.496551724137931
chr14	21082791	21082791	0.5168539325842697
chr3	148845462	148845462	0.5714285714285714
chr5	14498516	14498516	0.5049019607843137
chr1	152155516	152155516	0.5153889199776162
chr3	109004749	109004749	0.5098039215686274
chr8	105801079	105801079	0.4540229885057471
chr7	87600047	87600047	0.5526315789473685
chr12	80209421	80209421	0.6470588235294118
chr10	126905396	126905396	0.4827586206896552
chr10	92504740	92504740	0.3541666666666667
chr6	38915186	38915186	0.4883720930232558
chr12	49037066	49037066	0.4880952380952381
chr15	34233823	34233823	0.5111111111111111
chr15	58893218	58893218	0.4918032786885246
chr7	102933845	102933845	0.46153846153846156
chr19	8954902	8954902	0.5170454545454546
chr11	992511	992511	0.4266666666666667
chr1	146960161	146960161	0.4751958224543081
chr8	123787604	123787604	0.4883720930232558
chr12	26725604	26725604	0.44274809160305345
chr15	58545731	58545731	0.5384615384615384
chr5	36970851	36970851	0.609375
chr19	10155796	10155796	0.5
chr5	87376857	87376857	0.5666666666666667
chr21	45505804	45505804	0.45652173913043476
chr14	88472291	88472291	0.4426229508196721
chr1	175004552	175004552	0.5121951219512195
chr9	36840475	36840475	0.4117647058823529
chr1	47289406	47289406	0.47761194029850745
chr2	61501915	61501915	0.5555555555555556
chr2	186676771	186676771	0.6122448979591837
chr1	244420128	244420128	0.5
chr1	3508560	3508560	0.5102040816326531
chr15	69014697	69014697	0.5034965034965035
chr7	147120948	147120948	0.512396694214876
chr13	108820271	108820271	0.6140350877192983
chr6	69936761	69936761	0.47540983606557374
chr4	55105783	55105783	0.5
chr4	185593806	185593806	0.41818181818181815
chr14	32824190	32824190	0.5274261603375527
chr1	119919285	119919285	0.4574468085106383
chr13	49705599	49705599	0.5
chr18	12673330	12673330	0.4411764705882353
chr5	13768980	13768980	0.4779874213836478
