chr8	85110086	85110086	0.2
chr19	1407834	1407834	0.2727272727272727
chr2	37019897	37019897	0.25
chr20	35716669	35716669	0.0
chr7	138981143	138981143	0.2
chr12	130821655	130821655	0.2523364485981308
chr6	22570143	22570143	0.22448979591836735
chr10	32543321	32543321	0.2916666666666667
chrX	150663418	150663418	0.42105263157894735
chr19	48499129	48499129	0.3953488372093023
chr13	23371018	23371018	0.34444444444444444
chr19	54153984	54153984	0.3108108108108108
chr1	117911935	117911935	0.375
chr11	68120964	68120964	0.2616822429906542
chr8	144517573	144517573	0.24242424242424243
chr19	13208879	13208879	0.3185840707964602
chr3	33838194	33838194	0.29411764705882354
chr1	36466202	36466202	0.3404255319148936
chrX	77508555	77508555	0.37037037037037035
chr1	65572304	65572304	0.23076923076923078
chr1	17359391	17359391	0.310126582278481
chr1	235172588	235172588	0.2857142857142857
chr19	45067371	45067371	0.5
chrX	71126309	71126309	0.36585365853658536
chr16	11166440	11166440	0.29133858267716534
chr19	14051550	14051550	0.0
chr8	68060780	68060780	0.2702702702702703
chr13	35070740	35070740	0.3125
chr10	89714926	89714926	0.23529411764705882
chr13	99971150	99971150	0.2641509433962264
chr14	24300643	24300643	0.31794871794871793
chr17	63943006	63943006	0.2834890965732087
chr5	113563849	113563849	0.3031674208144796
chr10	91410428	91410428	0.36363636363636365
chr6	31629545	31629545	0.330188679245283
chr1	25543663	25543663	0.34615384615384615
chr19	1407747	1407747	0.2857142857142857
chr14	88479264	88479264	0.2975206611570248
chrX	80688014	80688014	0.3333333333333333
chr3	126146777	126146777	0.3055555555555556
chr19	16745039	16745039	0.2857142857142857
chr1	99742123	99742123	0.3188405797101449
chr15	72045678	72045678	0.3620689655172414
chr11	77955899	77955899	0.2727272727272727
chr2	233542232	233542232	0.3287671232876712
chr14	105211158	105211158	0.2727272727272727
chr5	90848599	90848599	0.42857142857142855
chr15	41711174	41711174	0.20765027322404372
chr2	196024363	196024363	0.4230769230769231
chr17	61408107	61408107	0.23333333333333334
chr17	16040364	16040364	0.2459016393442623
chr17	16186602	16186602	0.3142857142857143
chr10	60068997	60068997	0.2744186046511628
chrX	3324782	3324782	0.3020833333333333
chr8	103885525	103885525	0.3386243386243386
chrX	71366498	71366498	0.23076923076923078
chr2	98610752	98610752	0.24210526315789474
chr1	9720372	9720372	0.3006134969325153
chr5	91150022	91150022	0.30851063829787234
chr11	45922915	45922915	0.42857142857142855
chr22	41177139	41177139	0.3024390243902439
chr17	18988360	18988360	0.2774869109947644
chr17	1682071	1682071	0.2926829268292683
chr3	179209544	179209544	0.3404255319148936
chr11	119345695	119345695	0.2909090909090909
chr19	54930479	54930479	0.18
chr10	27082649	27082649	0.26627218934911245
chr15	58560830	58560830	0.16666666666666666
chr10	129963570	129963570	0.16666666666666666
chrX	80676882	80676882	0.23214285714285715
chr11	121549920	121549920	0.37373737373737376
chr5	53101512	53101512	0.35
chr17	79834475	79834475	0.2987012987012987
chr11	64773369	64773369	0.2824427480916031
chr19	10687386	10687386	0.27049180327868855
chr6	70172041	70172041	0.2988505747126437
chr1	216097042	216097042	0.3902439024390244
chr3	184230765	184230765	0.4117647058823529
chr6	89771488	89771488	0.38235294117647056
chr4	155353186	155353186	0.2857142857142857
chr8	143864107	143864107	0.0
chr16	15038521	15038521	0.2894736842105263
chr4	105456748	105456748	0.27102803738317754
chr2	25768830	25768830	0.2702702702702703
chr12	39341557	39341557	0.32941176470588235
chr9	13157961	13157961	0.2892561983471074
chr18	607124	607124	0.25862068965517243
chr11	13962951	13962951	0.304
chr17	79834112	79834112	0.3
chr9	86323173	86323173	0.3108974358974359
chr12	50085281	50085281	0.0
chr12	56092680	56092680	0.3333333333333333
chr7	123692781	123692781	0.32989690721649484
chr7	105102098	105102098	0.3055555555555556
chr12	121823315	121823315	0.18181818181818182
chr6	31954644	31954644	0.3
chr6	160083921	160083921	0.38028169014084506
chr1	155763437	155763437	0.3508771929824561
chr14	21091983	21091983	0.3076923076923077
chr6	32830257	32830257	0.24193548387096775
chr2	40164836	40164836	0.3684210526315789
chr15	52218519	52218519	0.304635761589404
chr3	165830850	165830850	0.350253807106599
chr15	66563851	66563851	0.3508771929824561
chr10	131116783	131116783	0.2
chr1	236553557	236553557	0.36363636363636365
chr15	51455086	51455086	0.26851851851851855
chr9	113184262	113184262	0.3148148148148148
chr17	74743171	74743171	0.3870967741935484
chr3	121667460	121667460	0.25
chrX	111718232	111718232	0.2153846153846154
chr20	32780067	32780067	0.2602739726027397
chr2	61488596	61488596	0.2532467532467532
chr11	61786020	61786020	0.2982456140350877
chr8	109444563	109444563	0.2
chr4	122229939	122229939	0.3018867924528302
chr4	72290757	72290757	0.30097087378640774
chr22	46377055	46377055	0.3274336283185841
chr4	26753792	26753792	0.3157894736842105
chr3	64687537	64687537	0.3333333333333333
chr12	50098707	50098707	0.3103448275862069
chr8	52658800	52658800	0.24324324324324326
chr1	53464654	53464654	0.4444444444444444
chr2	63887416	63887416	0.27941176470588236
chr5	123422871	123422871	0.27586206896551724
chr7	147395591	147395591	0.3218390804597701
chr17	35352304	35352304	0.2962962962962963
chr2	9882672	9882672	0.2
chr4	61935900	61935900	0.3870967741935484
chr11	27721330	27721330	0.3191489361702128
chr15	74627947	74627947	0.24528301886792453
chr11	72755625	72755625	0.26277372262773724
chr17	39490542	39490542	0.2777777777777778
chr17	7500683	7500683	0.22972972972972974
chr4	185623941	185623941	0.3057199211045365
chr18	6973046	6973046	0.29439252336448596
chr22	43626409	43626409	0.3076923076923077
chr16	27549671	27549671	0.22727272727272727
chr1	233179057	233179057	0.3063583815028902
chr1	183888422	183888422	0.28104575163398693
chr9	123070304	123070304	0.35148514851485146
chr2	48459695	48459695	0.2345679012345679
chr11	16852236	16852236	0.3113207547169811
chr3	108971263	108971263	0.32098765432098764
chr16	15888468	15888468	0.29411764705882354
chr9	93675630	93675630	0.25308641975308643
chr8	17069633	17069633	0.3333333333333333
chr1	201739967	201739967	0.1956521739130435
chr16	11039730	11039730	0.38181818181818183
chr9	8338881	8338881	0.27972027972027974
chr19	10489197	10489197	0.26666666666666666
chr4	113358913	113358913	0.3409090909090909
chr5	123386698	123386698	0.3888888888888889
chr11	68065737	68065737	0.37777777777777777
chr11	31414796	31414796	0.3088235294117647
chr1	8655953	8655953	0.2857142857142857
chr14	21082791	21082791	0.2542372881355932
chr3	148845462	148845462	0.30666666666666664
chr5	14498516	14498516	0.3547008547008547
chr1	152155516	152155516	0.30612244897959184
chr3	109004749	109004749	0.36666666666666664
chr8	105801079	105801079	0.28901734104046245
chr7	87600047	87600047	0.35555555555555557
chr12	80209421	80209421	0.0
chr10	126905396	126905396	0.2727272727272727
chr10	92504740	92504740	0.3541666666666667
chr6	38915186	38915186	0.21739130434782608
chr12	49037066	49037066	0.32051282051282054
chr15	34233823	34233823	0.23655913978494625
chr15	58893218	58893218	0.23529411764705882
chr7	102933845	102933845	0.36875
chr19	8954902	8954902	0.25333333333333335
chr11	992511	992511	0.3108108108108108
chr1	146960161	146960161	0.2659279778393352
chr8	123787604	123787604	0.35294117647058826
chr12	26725604	26725604	0.2792207792207792
chr15	58545731	58545731	0.29
chr5	36970851	36970851	0.30952380952380953
chr19	10155796	10155796	0.3125
chr5	87376857	87376857	0.31097560975609756
chr21	45505804	45505804	0.36231884057971014
chr14	88472291	88472291	0.328125
chr1	175004552	175004552	0.25
chr9	36840475	36840475	0.38028169014084506
chr1	47289406	47289406	0.4166666666666667
chr2	61501915	61501915	0.42105263157894735
chr2	186676771	186676771	0.2638888888888889
chr1	244420128	244420128	0.41304347826086957
chr1	3508560	3508560	0.2708333333333333
chr15	69014697	69014697	0.3576158940397351
chr7	147120948	147120948	0.28695652173913044
chr13	108820271	108820271	0.2644628099173554
chr6	69936761	69936761	0.2222222222222222
chr4	55105783	55105783	0.24096385542168675
chr4	185593806	185593806	0.3076923076923077
chr14	32824190	32824190	0.3288888888888889
chr1	119919285	119919285	0.3974358974358974
chr13	49705599	49705599	0.3399014778325123
chr18	12673330	12673330	0.2857142857142857
chr5	13768980	13768980	0.3543307086614173
