chr8	85110086	85110086	0.6666666666666666
chr19	1407834	1407834	0.5
chr2	37019897	37019897	0.7596899224806202
chr20	35716669	35716669	0.8055555555555556
chr7	138981143	138981143	0.6666666666666666
chr12	130821655	130821655	0.6891891891891891
chr6	22570143	22570143	0.84
chr10	32543321	32543321	0.8125
chrX	150663418	150663418	0.6923076923076923
chr19	48499129	48499129	0.717948717948718
chr13	23371018	23371018	0.8125
chr19	54153984	54153984	0.7740112994350282
chr1	117911935	117911935	0.8043478260869565
chr11	68120964	68120964	0.7647058823529411
chr8	144517573	144517573	0.7459016393442623
chr19	13208879	13208879	0.691358024691358
chr3	33838194	33838194	0.7905405405405406
chr1	36466202	36466202	0.7051282051282052
chrX	77508555	77508555	0.6818181818181818
chr1	65572304	65572304	0.7222222222222222
chr1	17359391	17359391	0.7640449438202247
chr1	235172588	235172588	0.6666666666666666
chr19	45067371	45067371	0.6
chrX	71126309	71126309	0.8319327731092437
chr16	11166440	11166440	0.7913385826771654
chr19	14051550	14051550	0.75
chr8	68060780	68060780	0.788235294117647
chr13	35070740	35070740	0.6634615384615384
chr10	89714926	89714926	0.8571428571428571
chr13	99971150	99971150	0.6818181818181818
chr14	24300643	24300643	0.7929155313351499
chr17	63943006	63943006	0.7661596958174905
chr5	113563849	113563849	0.70995670995671
chr10	91410428	91410428	0.9666666666666667
chr6	31629545	31629545	0.765
chr1	25543663	25543663	0.6551724137931034
chr19	1407747	1407747	0.68
chr14	88479264	88479264	0.7888888888888889
chrX	80688014	80688014	0.8076923076923077
chr3	126146777	126146777	0.8014705882352942
chr19	16745039	16745039	0.7272727272727273
chr1	99742123	99742123	0.6984126984126984
chr15	72045678	72045678	0.7142857142857143
chr11	77955899	77955899	0.7887323943661971
chr2	233542232	233542232	0.7469879518072289
chr14	105211158	105211158	0.8541666666666666
chr5	90848599	90848599	0.5714285714285714
chr15	41711174	41711174	0.7619047619047619
chr2	196024363	196024363	0.7555555555555555
chr17	61408107	61408107	0.74
chr17	16040364	16040364	0.75
chr17	16186602	16186602	0.7479674796747967
chr10	60068997	60068997	0.7128712871287128
chrX	3324782	3324782	0.7538461538461538
chr8	103885525	103885525	0.7692307692307693
chrX	71366498	71366498	0.7
chr2	98610752	98610752	0.695906432748538
chr1	9720372	9720372	0.7277777777777777
chr5	91150022	91150022	0.6744186046511628
chr11	45922915	45922915	1.0
chr22	41177139	41177139	0.7709923664122137
chr17	18988360	18988360	0.7322274881516587
chr17	1682071	1682071	0.83399209486166
chr3	179209544	179209544	0.7637795275590551
chr11	119345695	119345695	0.7254901960784313
chr19	54930479	54930479	0.7307692307692307
chr10	27082649	27082649	0.72
chr15	58560830	58560830	0.6153846153846154
chr10	129963570	129963570	0.8125
chrX	80676882	80676882	0.8103448275862069
chr11	121549920	121549920	0.7241379310344828
chr5	53101512	53101512	0.8125
chr17	79834475	79834475	0.7777777777777778
chr11	64773369	64773369	0.7758620689655172
chr19	10687386	10687386	0.7398373983739838
chr6	70172041	70172041	0.7468354430379747
chr1	216097042	216097042	0.7555555555555555
chr3	184230765	184230765	0.8095238095238095
chr6	89771488	89771488	0.7971014492753623
chr4	155353186	155353186	0.6666666666666666
chr8	143864107	143864107	0.0
chr16	15038521	15038521	0.725925925925926
chr4	105456748	105456748	0.719626168224299
chr2	25768830	25768830	0.6964285714285714
chr12	39341557	39341557	0.7437325905292479
chr9	13157961	13157961	0.73
chr18	607124	607124	0.7894736842105263
chr11	13962951	13962951	0.7555555555555555
chr17	79834112	79834112	0.6989795918367347
chr9	86323173	86323173	0.7241379310344828
chr12	50085281	50085281	1.0
chr12	56092680	56092680	0.723404255319149
chr7	123692781	123692781	0.7714285714285715
chr7	105102098	105102098	0.8175182481751825
chr12	121823315	121823315	0.5777777777777777
chr6	31954644	31954644	0.7403846153846154
chr6	160083921	160083921	0.7222222222222222
chr1	155763437	155763437	0.8106060606060606
chr14	21091983	21091983	0.7045454545454546
chr6	32830257	32830257	0.6722689075630253
chr2	40164836	40164836	0.7586206896551724
chr15	52218519	52218519	0.7112676056338029
chr3	165830850	165830850	0.7966101694915254
chr15	66563851	66563851	0.7515527950310559
chr10	131116783	131116783	0.7142857142857143
chr1	236553557	236553557	0.8260869565217391
chr15	51455086	51455086	0.7578947368421053
chr9	113184262	113184262	0.7524752475247525
chr17	74743171	74743171	0.696969696969697
chr3	121667460	121667460	0.7123287671232876
chrX	111718232	111718232	0.7794117647058824
chr20	32780067	32780067	0.7962962962962963
chr2	61488596	61488596	0.7488151658767772
chr11	61786020	61786020	0.8083333333333333
chr8	109444563	109444563	0.78125
chr4	122229939	122229939	0.7875
chr4	72290757	72290757	0.7543859649122807
chr22	46377055	46377055	0.8059701492537313
chr4	26753792	26753792	0.7755102040816326
chr3	64687537	64687537	0.8431372549019608
chr12	50098707	50098707	0.7910447761194029
chr8	52658800	52658800	0.7954545454545454
chr1	53464654	53464654	0.7261904761904762
chr2	63887416	63887416	0.7244897959183674
chr5	123422871	123422871	0.7897727272727273
chr7	147395591	147395591	0.7298850574712644
chr17	35352304	35352304	0.7070707070707071
chr2	9882672	9882672	0.8028169014084507
chr4	61935900	61935900	0.8545454545454545
chr11	27721330	27721330	0.7522935779816514
chr15	74627947	74627947	0.76875
chr11	72755625	72755625	0.7789473684210526
chr17	39490542	39490542	0.9
chr17	7500683	7500683	0.7211538461538461
chr4	185623941	185623941	0.7445414847161572
chr18	6973046	6973046	0.7285223367697594
chr22	43626409	43626409	0.788235294117647
chr16	27549671	27549671	0.8695652173913043
chr1	233179057	233179057	0.7152777777777778
chr1	183888422	183888422	0.7545454545454545
chr9	123070304	123070304	0.7361111111111112
chr2	48459695	48459695	0.7346938775510204
chr11	16852236	16852236	0.7655172413793103
chr3	108971263	108971263	0.691358024691358
chr16	15888468	15888468	0.6611111111111111
chr9	93675630	93675630	0.6638655462184874
chr8	17069633	17069633	0.7586206896551724
chr1	201739967	201739967	0.8181818181818182
chr16	11039730	11039730	0.776
chr9	8338881	8338881	0.8194444444444444
chr19	10489197	10489197	0.7083333333333334
chr4	113358913	113358913	0.65
chr5	123386698	123386698	0.765625
chr11	68065737	68065737	0.7183908045977011
chr11	31414796	31414796	0.96
chr1	8655953	8655953	0.743801652892562
chr14	21082791	21082791	0.7857142857142857
chr3	148845462	148845462	0.84
chr5	14498516	14498516	0.7522123893805309
chr1	152155516	152155516	0.7498181818181818
chr3	109004749	109004749	0.7446808510638298
chr8	105801079	105801079	0.7897727272727273
chr7	87600047	87600047	0.7265625
chr12	80209421	80209421	0.5
chr10	126905396	126905396	0.6842105263157895
chr10	92504740	92504740	0.7954545454545454
chr6	38915186	38915186	0.76
chr12	49037066	49037066	0.7914691943127962
chr15	34233823	34233823	0.746031746031746
chr15	58893218	58893218	0.7592592592592593
chr7	102933845	102933845	0.7339743589743589
chr19	8954902	8954902	0.6827586206896552
chr11	992511	992511	0.7786259541984732
chr1	146960161	146960161	0.759493670886076
chr8	123787604	123787604	0.7428571428571429
chr12	26725604	26725604	0.8125
chr15	58545731	58545731	0.8012820512820513
chr5	36970851	36970851	0.7045454545454546
chr19	10155796	10155796	0.6991150442477876
chr5	87376857	87376857	0.7545454545454545
chr21	45505804	45505804	0.7083333333333334
chr14	88472291	88472291	0.8194444444444444
chr1	175004552	175004552	0.7096774193548387
chr9	36840475	36840475	0.7536231884057971
chr1	47289406	47289406	0.6476190476190476
chr2	61501915	61501915	0.7627118644067796
chr2	186676771	186676771	0.6176470588235294
chr1	244420128	244420128	0.7702702702702703
chr1	3508560	3508560	0.847457627118644
chr15	69014697	69014697	0.765625
chr7	147120948	147120948	0.6744186046511628
chr13	108820271	108820271	0.7441860465116279
chr6	69936761	69936761	0.7662337662337663
chr4	55105783	55105783	0.7051282051282052
chr4	185593806	185593806	0.7115384615384616
chr14	32824190	32824190	0.7718120805369127
chr1	119919285	119919285	0.7763975155279503
chr13	49705599	49705599	0.7926267281105991
chr18	12673330	12673330	0.7647058823529411
chr5	13768980	13768980	0.725
