chr8	85110086	85110086	1.0
chr19	1407834	1407834	0.47368421052631576
chr2	37019897	37019897	0.7340425531914894
chr20	35716669	35716669	0.7894736842105263
chr7	138981143	138981143	0.8333333333333334
chr12	130821655	130821655	0.6807228915662651
chr6	22570143	22570143	0.92
chr10	32543321	32543321	0.9117647058823529
chrX	150663418	150663418	0.8571428571428571
chr19	48499129	48499129	0.6944444444444444
chr13	23371018	23371018	0.75
chr19	54153984	54153984	0.7700534759358288
chr1	117911935	117911935	0.9
chr11	68120964	68120964	0.7483870967741936
chr8	144517573	144517573	0.7589285714285714
chr19	13208879	13208879	0.7777777777777778
chr3	33838194	33838194	0.7175572519083969
chr1	36466202	36466202	0.7816091954022989
chrX	77508555	77508555	0.803030303030303
chr1	65572304	65572304	0.7551020408163265
chr1	17359391	17359391	0.7761194029850746
chr1	235172588	235172588	1.0
chr19	45067371	45067371	0.6470588235294118
chrX	71126309	71126309	0.7698412698412699
chr16	11166440	11166440	0.7411764705882353
chr19	14051550	14051550	1.0
chr8	68060780	68060780	0.7
chr13	35070740	35070740	0.8
chr10	89714926	89714926	0.7272727272727273
chr13	99971150	99971150	0.8611111111111112
chr14	24300643	24300643	0.7735294117647059
chr17	63943006	63943006	0.7481343283582089
chr5	113563849	113563849	0.7729468599033816
chr10	91410428	91410428	0.7
chr6	31629545	31629545	0.7679558011049724
chr1	25543663	25543663	0.84
chr19	1407747	1407747	0.7727272727272727
chr14	88479264	88479264	0.7263157894736842
chrX	80688014	80688014	0.7926829268292683
chr3	126146777	126146777	0.7591240875912408
chr19	16745039	16745039	0.625
chr1	99742123	99742123	0.6956521739130435
chr15	72045678	72045678	0.7142857142857143
chr11	77955899	77955899	0.7571428571428571
chr2	233542232	233542232	0.782051282051282
chr14	105211158	105211158	0.8333333333333334
chr5	90848599	90848599	0.7142857142857143
chr15	41711174	41711174	0.7552447552447552
chr2	196024363	196024363	0.8333333333333334
chr17	61408107	61408107	0.7553956834532374
chr17	16040364	16040364	0.7450980392156863
chr17	16186602	16186602	0.74
chr10	60068997	60068997	0.7263681592039801
chrX	3324782	3324782	0.6716417910447762
chr8	103885525	103885525	0.6972477064220184
chrX	71366498	71366498	0.627906976744186
chr2	98610752	98610752	0.6778523489932886
chr1	9720372	9720372	0.7065217391304348
chr5	91150022	91150022	0.7647058823529411
chr11	45922915	45922915	0.8
chr22	41177139	41177139	0.7704918032786885
chr17	18988360	18988360	0.7029702970297029
chr17	1682071	1682071	0.7755102040816326
chr3	179209544	179209544	0.7777777777777778
chr11	119345695	119345695	0.8295454545454546
chr19	54930479	54930479	0.7758620689655172
chr10	27082649	27082649	0.7640449438202247
chr15	58560830	58560830	0.8064516129032258
chr10	129963570	129963570	1.0
chrX	80676882	80676882	0.7681159420289855
chr11	121549920	121549920	0.7125
chr5	53101512	53101512	0.7792207792207793
chr17	79834475	79834475	0.7727272727272727
chr11	64773369	64773369	0.7766990291262136
chr19	10687386	10687386	0.7699115044247787
chr6	70172041	70172041	0.7076023391812866
chr1	216097042	216097042	0.7906976744186046
chr3	184230765	184230765	0.6923076923076923
chr6	89771488	89771488	0.7272727272727273
chr4	155353186	155353186	0.7045454545454546
chr8	143864107	143864107	1.0
chr16	15038521	15038521	0.7387387387387387
chr4	105456748	105456748	0.7207207207207207
chr2	25768830	25768830	0.7589285714285714
chr12	39341557	39341557	0.7663043478260869
chr9	13157961	13157961	0.6614173228346457
chr18	607124	607124	0.6933333333333334
chr11	13962951	13962951	0.8023255813953488
chr17	79834112	79834112	0.7159763313609467
chr9	86323173	86323173	0.8040816326530612
chr12	50085281	50085281	0.0
chr12	56092680	56092680	0.6444444444444445
chr7	123692781	123692781	0.7638888888888888
chr7	105102098	105102098	0.752
chr12	121823315	121823315	0.6923076923076923
chr6	31954644	31954644	0.7107843137254902
chr6	160083921	160083921	0.7551020408163265
chr1	155763437	155763437	0.7586206896551724
chr14	21091983	21091983	0.6947368421052632
chr6	32830257	32830257	0.6730769230769231
chr2	40164836	40164836	0.782608695652174
chr15	52218519	52218519	0.74
chr3	165830850	165830850	0.7668393782383419
chr15	66563851	66563851	0.7741935483870968
chr10	131116783	131116783	0.7333333333333333
chr1	236553557	236553557	0.6979166666666666
chr15	51455086	51455086	0.7363636363636363
chr9	113184262	113184262	0.7578125
chr17	74743171	74743171	0.7428571428571429
chr3	121667460	121667460	0.7735849056603774
chrX	111718232	111718232	0.7818181818181819
chr20	32780067	32780067	0.7586206896551724
chr2	61488596	61488596	0.6981981981981982
chr11	61786020	61786020	0.6833333333333333
chr8	109444563	109444563	0.6451612903225806
chr4	122229939	122229939	0.7903225806451613
chr4	72290757	72290757	0.7321428571428571
chr22	46377055	46377055	0.7638888888888888
chr4	26753792	26753792	0.7454545454545455
chr3	64687537	64687537	0.7592592592592593
chr12	50098707	50098707	0.8
chr8	52658800	52658800	0.8472222222222222
chr1	53464654	53464654	0.7857142857142857
chr2	63887416	63887416	0.782608695652174
chr5	123422871	123422871	0.762589928057554
chr7	147395591	147395591	0.7763975155279503
chr17	35352304	35352304	0.7745098039215687
chr2	9882672	9882672	0.7843137254901961
chr4	61935900	61935900	0.8125
chr11	27721330	27721330	0.7311827956989247
chr15	74627947	74627947	0.7375886524822695
chr11	72755625	72755625	0.7509025270758123
chr17	39490542	39490542	0.8484848484848485
chr17	7500683	7500683	0.7039473684210527
chr4	185623941	185623941	0.7695078031212484
chr18	6973046	6973046	0.7423076923076923
chr22	43626409	43626409	0.7236842105263158
chr16	27549671	27549671	0.8571428571428571
chr1	233179057	233179057	0.7322834645669292
chr1	183888422	183888422	0.7768595041322314
chr9	123070304	123070304	0.7513227513227513
chr2	48459695	48459695	0.7924528301886793
chr11	16852236	16852236	0.6864406779661016
chr3	108971263	108971263	0.71875
chr16	15888468	15888468	0.7574468085106383
chr9	93675630	93675630	0.6578947368421053
chr8	17069633	17069633	0.8235294117647058
chr1	201739967	201739967	0.7397260273972602
chr16	11039730	11039730	0.7899159663865546
chr9	8338881	8338881	0.7156862745098039
chr19	10489197	10489197	0.7948717948717948
chr4	113358913	113358913	0.8048780487804879
chr5	123386698	123386698	0.6041666666666666
chr11	68065737	68065737	0.7333333333333333
chr11	31414796	31414796	0.8
chr1	8655953	8655953	0.7083333333333334
chr14	21082791	21082791	0.7297297297297297
chr3	148845462	148845462	0.7894736842105263
chr5	14498516	14498516	0.7692307692307693
chr1	152155516	152155516	0.7388888888888889
chr3	109004749	109004749	0.8333333333333334
chr8	105801079	105801079	0.7388888888888889
chr7	87600047	87600047	0.7522123893805309
chr12	80209421	80209421	0.8333333333333334
chr10	126905396	126905396	0.7368421052631579
chr10	92504740	92504740	0.71875
chr6	38915186	38915186	0.8055555555555556
chr12	49037066	49037066	0.7810650887573964
chr15	34233823	34233823	0.7012987012987013
chr15	58893218	58893218	0.8532110091743119
chr7	102933845	102933845	0.7525773195876289
chr19	8954902	8954902	0.7433628318584071
chr11	992511	992511	0.6846846846846847
chr1	146960161	146960161	0.7149321266968326
chr8	123787604	123787604	0.6764705882352942
chr12	26725604	26725604	0.711864406779661
chr15	58545731	58545731	0.7777777777777778
chr5	36970851	36970851	0.7471264367816092
chr19	10155796	10155796	0.7
chr5	87376857	87376857	0.6722689075630253
chr21	45505804	45505804	0.8
chr14	88472291	88472291	0.68
chr1	175004552	175004552	0.6666666666666666
chr9	36840475	36840475	0.8125
chr1	47289406	47289406	0.8021978021978022
chr2	61501915	61501915	0.7192982456140351
chr2	186676771	186676771	0.78
chr1	244420128	244420128	0.7580645161290323
chr1	3508560	3508560	0.6666666666666666
chr15	69014697	69014697	0.625
chr7	147120948	147120948	0.7
chr13	108820271	108820271	0.825
chr6	69936761	69936761	0.7889908256880734
chr4	55105783	55105783	0.7419354838709677
chr4	185593806	185593806	0.7864077669902912
chr14	32824190	32824190	0.743801652892562
chr1	119919285	119919285	0.7666666666666667
chr13	49705599	49705599	0.7219730941704036
chr18	12673330	12673330	0.8679245283018868
chr5	13768980	13768980	0.7981651376146789
