chr8	85110086	85110086	1.0
chr19	1407834	1407834	0.8181818181818182
chr2	37019897	37019897	0.3
chr20	35716669	35716669	0.4
chr7	138981143	138981143	0.4
chr12	130821655	130821655	0.4205607476635514
chr6	22570143	22570143	0.5510204081632653
chr10	32543321	32543321	0.4583333333333333
chrX	150663418	150663418	0.3684210526315789
chr19	48499129	48499129	0.6511627906976745
chr13	23371018	23371018	0.5
chr19	54153984	54153984	0.4594594594594595
chr1	117911935	117911935	0.40625
chr11	68120964	68120964	0.4392523364485981
chr8	144517573	144517573	0.5151515151515151
chr19	13208879	13208879	0.48672566371681414
chr3	33838194	33838194	0.5126050420168067
chr1	36466202	36466202	0.46808510638297873
chrX	77508555	77508555	0.4506172839506173
chr1	65572304	65572304	0.5384615384615384
chr1	17359391	17359391	0.4936708860759494
chr1	235172588	235172588	0.7142857142857143
chr19	45067371	45067371	0.75
chrX	71126309	71126309	0.43902439024390244
chr16	11166440	11166440	0.5118110236220472
chr19	14051550	14051550	1.0
chr8	68060780	68060780	0.5405405405405406
chr13	35070740	35070740	0.5357142857142857
chr10	89714926	89714926	0.4117647058823529
chr13	99971150	99971150	0.5094339622641509
chr14	24300643	24300643	0.49743589743589745
chr17	63943006	63943006	0.557632398753894
chr5	113563849	113563849	0.4796380090497738
chr10	91410428	91410428	0.29545454545454547
chr6	31629545	31629545	0.5566037735849056
chr1	25543663	25543663	0.3076923076923077
chr19	1407747	1407747	0.5714285714285714
chr14	88479264	88479264	0.4793388429752066
chrX	80688014	80688014	0.5
chr3	126146777	126146777	0.5277777777777778
chr19	16745039	16745039	0.39285714285714285
chr1	99742123	99742123	0.5072463768115942
chr15	72045678	72045678	0.4827586206896552
chr11	77955899	77955899	0.5636363636363636
chr2	233542232	233542232	0.5342465753424658
chr14	105211158	105211158	0.47474747474747475
chr5	90848599	90848599	0.21428571428571427
chr15	41711174	41711174	0.5191256830601093
chr2	196024363	196024363	0.46153846153846156
chr17	61408107	61408107	0.5
chr17	16040364	16040364	0.4262295081967213
chr17	16186602	16186602	0.5619047619047619
chr10	60068997	60068997	0.5255813953488372
chrX	3324782	3324782	0.4479166666666667
chr8	103885525	103885525	0.5132275132275133
chrX	71366498	71366498	0.38461538461538464
chr2	98610752	98610752	0.49473684210526314
chr1	9720372	9720372	0.5644171779141104
chr5	91150022	91150022	0.5
chr11	45922915	45922915	0.42857142857142855
chr22	41177139	41177139	0.5560975609756098
chr17	18988360	18988360	0.4816753926701571
chr17	1682071	1682071	0.4585365853658537
chr3	179209544	179209544	0.48936170212765956
chr11	119345695	119345695	0.5818181818181818
chr19	54930479	54930479	0.44
chr10	27082649	27082649	0.4556213017751479
chr15	58560830	58560830	0.5
chr10	129963570	129963570	0.5
chrX	80676882	80676882	0.5535714285714286
chr11	121549920	121549920	0.46464646464646464
chr5	53101512	53101512	0.55
chr17	79834475	79834475	0.5324675324675324
chr11	64773369	64773369	0.44274809160305345
chr19	10687386	10687386	0.5163934426229508
chr6	70172041	70172041	0.4885057471264368
chr1	216097042	216097042	0.4878048780487805
chr3	184230765	184230765	0.5
chr6	89771488	89771488	0.5882352941176471
chr4	155353186	155353186	0.5238095238095238
chr8	143864107	143864107	0.3333333333333333
chr16	15038521	15038521	0.4605263157894737
chr4	105456748	105456748	0.42990654205607476
chr2	25768830	25768830	0.5081081081081081
chr12	39341557	39341557	0.5333333333333333
chr9	13157961	13157961	0.4049586776859504
chr18	607124	607124	0.603448275862069
chr11	13962951	13962951	0.544
chr17	79834112	79834112	0.5294117647058824
chr9	86323173	86323173	0.5128205128205128
chr12	50085281	50085281	1.0
chr12	56092680	56092680	0.37777777777777777
chr7	123692781	123692781	0.6494845360824743
chr7	105102098	105102098	0.37962962962962965
chr12	121823315	121823315	0.7272727272727273
chr6	31954644	31954644	0.5
chr6	160083921	160083921	0.4647887323943662
chr1	155763437	155763437	0.4649122807017544
chr14	21091983	21091983	0.5
chr6	32830257	32830257	0.4838709677419355
chr2	40164836	40164836	0.5263157894736842
chr15	52218519	52218519	0.4966887417218543
chr3	165830850	165830850	0.49746192893401014
chr15	66563851	66563851	0.47368421052631576
chr10	131116783	131116783	0.5333333333333333
chr1	236553557	236553557	0.512396694214876
chr15	51455086	51455086	0.5925925925925926
chr9	113184262	113184262	0.5370370370370371
chr17	74743171	74743171	0.5806451612903226
chr3	121667460	121667460	0.40625
chrX	111718232	111718232	0.46153846153846156
chr20	32780067	32780067	0.3698630136986301
chr2	61488596	61488596	0.551948051948052
chr11	61786020	61786020	0.6140350877192983
chr8	109444563	109444563	0.56
chr4	122229939	122229939	0.41509433962264153
chr4	72290757	72290757	0.5339805825242718
chr22	46377055	46377055	0.45132743362831856
chr4	26753792	26753792	0.5864661654135338
chr3	64687537	64687537	0.3333333333333333
chr12	50098707	50098707	0.5287356321839081
chr8	52658800	52658800	0.5675675675675675
chr1	53464654	53464654	0.4444444444444444
chr2	63887416	63887416	0.39705882352941174
chr5	123422871	123422871	0.5258620689655172
chr7	147395591	147395591	0.47126436781609193
chr17	35352304	35352304	0.5555555555555556
chr2	9882672	9882672	0.58
chr4	61935900	61935900	0.3225806451612903
chr11	27721330	27721330	0.5531914893617021
chr15	74627947	74627947	0.5188679245283019
chr11	72755625	72755625	0.583941605839416
chr17	39490542	39490542	0.3888888888888889
chr17	7500683	7500683	0.4189189189189189
chr4	185623941	185623941	0.5029585798816568
chr18	6973046	6973046	0.5046728971962616
chr22	43626409	43626409	0.4461538461538462
chr16	27549671	27549671	0.45454545454545453
chr1	233179057	233179057	0.4624277456647399
chr1	183888422	183888422	0.5098039215686274
chr9	123070304	123070304	0.4504950495049505
chr2	48459695	48459695	0.41975308641975306
chr11	16852236	16852236	0.4056603773584906
chr3	108971263	108971263	0.4691358024691358
chr16	15888468	15888468	0.5098039215686274
chr9	93675630	93675630	0.5061728395061729
chr8	17069633	17069633	0.6111111111111112
chr1	201739967	201739967	0.5
chr16	11039730	11039730	0.5272727272727272
chr9	8338881	8338881	0.4965034965034965
chr19	10489197	10489197	0.4
chr4	113358913	113358913	0.45454545454545453
chr5	123386698	123386698	0.5370370370370371
chr11	68065737	68065737	0.45555555555555555
chr11	31414796	31414796	0.5735294117647058
chr1	8655953	8655953	0.5214285714285715
chr14	21082791	21082791	0.5084745762711864
chr3	148845462	148845462	0.52
chr5	14498516	14498516	0.45726495726495725
chr1	152155516	152155516	0.5034013605442177
chr3	109004749	109004749	0.5333333333333333
chr8	105801079	105801079	0.5317919075144508
chr7	87600047	87600047	0.5111111111111111
chr12	80209421	80209421	0.5
chr10	126905396	126905396	0.45454545454545453
chr10	92504740	92504740	0.5208333333333334
chr6	38915186	38915186	0.41304347826086957
chr12	49037066	49037066	0.5
chr15	34233823	34233823	0.46236559139784944
chr15	58893218	58893218	0.43529411764705883
chr7	102933845	102933845	0.49375
chr19	8954902	8954902	0.54
chr11	992511	992511	0.5405405405405406
chr1	146960161	146960161	0.5457063711911357
chr8	123787604	123787604	0.43137254901960786
chr12	26725604	26725604	0.5064935064935064
chr15	58545731	58545731	0.55
chr5	36970851	36970851	0.6428571428571429
chr19	10155796	10155796	0.46875
chr5	87376857	87376857	0.4573170731707317
chr21	45505804	45505804	0.5797101449275363
chr14	88472291	88472291	0.5078125
chr1	175004552	175004552	0.4375
chr9	36840475	36840475	0.5211267605633803
chr1	47289406	47289406	0.4861111111111111
chr2	61501915	61501915	0.5263157894736842
chr2	186676771	186676771	0.4444444444444444
chr1	244420128	244420128	0.43478260869565216
chr1	3508560	3508560	0.6041666666666666
chr15	69014697	69014697	0.44370860927152317
chr7	147120948	147120948	0.4608695652173913
chr13	108820271	108820271	0.512396694214876
chr6	69936761	69936761	0.49206349206349204
chr4	55105783	55105783	0.4457831325301205
chr4	185593806	185593806	0.4188034188034188
chr14	32824190	32824190	0.52
chr1	119919285	119919285	0.47435897435897434
chr13	49705599	49705599	0.4975369458128079
chr18	12673330	12673330	0.42857142857142855
chr5	13768980	13768980	0.5826771653543307
