chr8	85110086	85110086	0.25
chr19	1407834	1407834	0.3333333333333333
chr2	37019897	37019897	0.18705035971223022
chr20	35716669	35716669	0.15789473684210525
chr7	138981143	138981143	0.13333333333333333
chr12	130821655	130821655	0.12280701754385964
chr6	22570143	22570143	0.23469387755102042
chr10	32543321	32543321	0.0
chrX	150663418	150663418	0.18181818181818182
chr19	48499129	48499129	0.17142857142857143
chr13	23371018	23371018	0.1891891891891892
chr19	54153984	54153984	0.15714285714285714
chr1	117911935	117911935	0.3548387096774194
chr11	68120964	68120964	0.14666666666666667
chr8	144517573	144517573	0.14492753623188406
chr19	13208879	13208879	0.1568627450980392
chr3	33838194	33838194	0.23369565217391305
chr1	36466202	36466202	0.21052631578947367
chrX	77508555	77508555	0.19642857142857142
chr1	65572304	65572304	0.12987012987012986
chr1	17359391	17359391	0.1859504132231405
chr1	235172588	235172588	0.1111111111111111
chr19	45067371	45067371	0.25
chrX	71126309	71126309	0.21978021978021978
chr16	11166440	11166440	0.19662921348314608
chr19	14051550	14051550	0.23076923076923078
chr8	68060780	68060780	0.18309859154929578
chr13	35070740	35070740	0.20710059171597633
chr10	89714926	89714926	0.2413793103448276
chr13	99971150	99971150	0.18032786885245902
chr14	24300643	24300643	0.22519083969465647
chr17	63943006	63943006	0.23394495412844038
chr5	113563849	113563849	0.22346368715083798
chr10	91410428	91410428	0.2153846153846154
chr6	31629545	31629545	0.2868217054263566
chr1	25543663	25543663	0.21739130434782608
chr19	1407747	1407747	0.25
chr14	88479264	88479264	0.23636363636363636
chrX	80688014	80688014	0.22807017543859648
chr3	126146777	126146777	0.19166666666666668
chr19	16745039	16745039	0.13953488372093023
chr1	99742123	99742123	0.2222222222222222
chr15	72045678	72045678	0.2413793103448276
chr11	77955899	77955899	0.12857142857142856
chr2	233542232	233542232	0.16216216216216217
chr14	105211158	105211158	0.18181818181818182
chr5	90848599	90848599	0.1590909090909091
chr15	41711174	41711174	0.2358490566037736
chr2	196024363	196024363	0.16326530612244897
chr17	61408107	61408107	0.25925925925925924
chr17	16040364	16040364	0.2079207920792079
chr17	16186602	16186602	0.25139664804469275
chr10	60068997	60068997	0.18681318681318682
chrX	3324782	3324782	0.25
chr8	103885525	103885525	0.204
chrX	71366498	71366498	0.22727272727272727
chr2	98610752	98610752	0.2066420664206642
chr1	9720372	9720372	0.12844036697247707
chr5	91150022	91150022	0.1925925925925926
chr11	45922915	45922915	0.1
chr22	41177139	41177139	0.18587360594795538
chr17	18988360	18988360	0.21942446043165467
chr17	1682071	1682071	0.19140625
chr3	179209544	179209544	0.1958762886597938
chr11	119345695	119345695	0.1981981981981982
chr19	54930479	54930479	0.22916666666666666
chr10	27082649	27082649	0.1796875
chr15	58560830	58560830	0.06666666666666667
chr10	129963570	129963570	0.0
chrX	80676882	80676882	0.21568627450980393
chr11	121549920	121549920	0.18181818181818182
chr5	53101512	53101512	0.22105263157894736
chr17	79834475	79834475	0.21818181818181817
chr11	64773369	64773369	0.1678832116788321
chr19	10687386	10687386	0.24025974025974026
chr6	70172041	70172041	0.1776061776061776
chr1	216097042	216097042	0.29850746268656714
chr3	184230765	184230765	0.09090909090909091
chr6	89771488	89771488	0.21951219512195122
chr4	155353186	155353186	0.28125
chr8	143864107	143864107	0.0
chr16	15038521	15038521	0.20618556701030927
chr4	105456748	105456748	0.26119402985074625
chr2	25768830	25768830	0.24436090225563908
chr12	39341557	39341557	0.2205128205128205
chr9	13157961	13157961	0.22699386503067484
chr18	607124	607124	0.18571428571428572
chr11	13962951	13962951	0.22289156626506024
chr17	79834112	79834112	0.19367588932806323
chr9	86323173	86323173	0.17123287671232876
chr12	50085281	50085281	0.25
chr12	56092680	56092680	0.15
chr7	123692781	123692781	0.1878453038674033
chr7	105102098	105102098	0.2537313432835821
chr12	121823315	121823315	0.15
chr6	31954644	31954644	0.3050847457627119
chr6	160083921	160083921	0.168141592920354
chr1	155763437	155763437	0.1595744680851064
chr14	21091983	21091983	0.21495327102803738
chr6	32830257	32830257	0.17424242424242425
chr2	40164836	40164836	0.10204081632653061
chr15	52218519	52218519	0.17721518987341772
chr3	165830850	165830850	0.20136518771331058
chr15	66563851	66563851	0.16793893129770993
chr10	131116783	131116783	0.10526315789473684
chr1	236553557	236553557	0.23728813559322035
chr15	51455086	51455086	0.24539877300613497
chr9	113184262	113184262	0.20606060606060606
chr17	74743171	74743171	0.13953488372093023
chr3	121667460	121667460	0.21739130434782608
chrX	111718232	111718232	0.20238095238095238
chr20	32780067	32780067	0.13761467889908258
chr2	61488596	61488596	0.23902439024390243
chr11	61786020	61786020	0.2627118644067797
chr8	109444563	109444563	0.10869565217391304
chr4	122229939	122229939	0.1297709923664122
chr4	72290757	72290757	0.2076923076923077
chr22	46377055	46377055	0.1937984496124031
chr4	26753792	26753792	0.16666666666666666
chr3	64687537	64687537	0.18055555555555555
chr12	50098707	50098707	0.18382352941176472
chr8	52658800	52658800	0.16
chr1	53464654	53464654	0.16
chr2	63887416	63887416	0.20689655172413793
chr5	123422871	123422871	0.21164021164021163
chr7	147395591	147395591	0.1875
chr17	35352304	35352304	0.2147239263803681
chr2	9882672	9882672	0.1
chr4	61935900	61935900	0.22857142857142856
chr11	27721330	27721330	0.21153846153846154
chr15	74627947	74627947	0.2109375
chr11	72755625	72755625	0.18719211822660098
chr17	39490542	39490542	0.10638297872340426
chr17	7500683	7500683	0.1865671641791045
chr4	185623941	185623941	0.19894598155467721
chr18	6973046	6973046	0.250936329588015
chr22	43626409	43626409	0.19480519480519481
chr16	27549671	27549671	0.15
chr1	233179057	233179057	0.17704918032786884
chr1	183888422	183888422	0.1875
chr9	123070304	123070304	0.18248175182481752
chr2	48459695	48459695	0.26851851851851855
chr11	16852236	16852236	0.17857142857142858
chr3	108971263	108971263	0.1650485436893204
chr16	15888468	15888468	0.21495327102803738
chr9	93675630	93675630	0.18815331010452963
chr8	17069633	17069633	0.25
chr1	201739967	201739967	0.16129032258064516
chr16	11039730	11039730	0.18292682926829268
chr9	8338881	8338881	0.2054794520547945
chr19	10489197	10489197	0.1875
chr4	113358913	113358913	0.23776223776223776
chr5	123386698	123386698	0.22580645161290322
chr11	68065737	68065737	0.1774193548387097
chr11	31414796	31414796	0.16216216216216217
chr1	8655953	8655953	0.22167487684729065
chr14	21082791	21082791	0.2682926829268293
chr3	148845462	148845462	0.26666666666666666
chr5	14498516	14498516	0.1971326164874552
chr1	152155516	152155516	0.21297381789761627
chr3	109004749	109004749	0.24210526315789474
chr8	105801079	105801079	0.16117216117216118
chr7	87600047	87600047	0.16363636363636364
chr12	80209421	80209421	0.3684210526315789
chr10	126905396	126905396	0.23809523809523808
chr10	92504740	92504740	0.29850746268656714
chr6	38915186	38915186	0.2
chr12	49037066	49037066	0.21014492753623187
chr15	34233823	34233823	0.22777777777777777
chr15	58893218	58893218	0.1504424778761062
chr7	102933845	102933845	0.15611814345991562
chr19	8954902	8954902	0.20675105485232068
chr11	992511	992511	0.14285714285714285
chr1	146960161	146960161	0.2018181818181818
chr8	123787604	123787604	0.2413793103448276
chr12	26725604	26725604	0.1836734693877551
chr15	58545731	58545731	0.13380281690140844
chr5	36970851	36970851	0.12345679012345678
chr19	10155796	10155796	0.2413793103448276
chr5	87376857	87376857	0.21238938053097345
chr21	45505804	45505804	0.23076923076923078
chr14	88472291	88472291	0.19852941176470587
chr1	175004552	175004552	0.10606060606060606
chr9	36840475	36840475	0.23711340206185566
chr1	47289406	47289406	0.21212121212121213
chr2	61501915	61501915	0.26
chr2	186676771	186676771	0.18604651162790697
chr1	244420128	244420128	0.2641509433962264
chr1	3508560	3508560	0.125
chr15	69014697	69014697	0.20118343195266272
chr7	147120948	147120948	0.21195652173913043
chr13	108820271	108820271	0.23756906077348067
chr6	69936761	69936761	0.2033898305084746
chr4	55105783	55105783	0.2
chr4	185593806	185593806	0.1896551724137931
chr14	32824190	32824190	0.19626168224299065
chr1	119919285	119919285	0.25757575757575757
chr13	49705599	49705599	0.22591362126245848
chr18	12673330	12673330	0.2
chr5	13768980	13768980	0.19680851063829788
