chr8	85110086	85110086	0.0
chr19	1407834	1407834	0.05263157894736842
chr2	37019897	37019897	0.09574468085106383
chr20	35716669	35716669	0.07894736842105263
chr7	138981143	138981143	0.08333333333333333
chr12	130821655	130821655	0.07228915662650602
chr6	22570143	22570143	0.0
chr10	32543321	32543321	0.058823529411764705
chrX	150663418	150663418	0.09523809523809523
chr19	48499129	48499129	0.16666666666666666
chr13	23371018	23371018	0.06756756756756757
chr19	54153984	54153984	0.13368983957219252
chr1	117911935	117911935	0.05
chr11	68120964	68120964	0.09032258064516129
chr8	144517573	144517573	0.10714285714285714
chr19	13208879	13208879	0.06944444444444445
chr3	33838194	33838194	0.1297709923664122
chr1	36466202	36466202	0.11494252873563218
chrX	77508555	77508555	0.11363636363636363
chr1	65572304	65572304	0.14285714285714285
chr1	17359391	17359391	0.07960199004975124
chr1	235172588	235172588	0.16666666666666666
chr19	45067371	45067371	0.11764705882352941
chrX	71126309	71126309	0.10317460317460317
chr16	11166440	11166440	0.10196078431372549
chr19	14051550	14051550	0.0
chr8	68060780	68060780	0.1
chr13	35070740	35070740	0.07
chr10	89714926	89714926	0.12121212121212122
chr13	99971150	99971150	0.05555555555555555
chr14	24300643	24300643	0.11764705882352941
chr17	63943006	63943006	0.11194029850746269
chr5	113563849	113563849	0.08695652173913043
chr10	91410428	91410428	0.03333333333333333
chr6	31629545	31629545	0.08839779005524862
chr1	25543663	25543663	0.08
chr19	1407747	1407747	0.13636363636363635
chr14	88479264	88479264	0.042105263157894736
chrX	80688014	80688014	0.08536585365853659
chr3	126146777	126146777	0.12408759124087591
chr19	16745039	16745039	0.0625
chr1	99742123	99742123	0.028985507246376812
chr15	72045678	72045678	0.16326530612244897
chr11	77955899	77955899	0.11428571428571428
chr2	233542232	233542232	0.07692307692307693
chr14	105211158	105211158	0.0625
chr5	90848599	90848599	0.07142857142857142
chr15	41711174	41711174	0.13286713286713286
chr2	196024363	196024363	0.023809523809523808
chr17	61408107	61408107	0.08633093525179857
chr17	16040364	16040364	0.08823529411764706
chr17	16186602	16186602	0.05
chr10	60068997	60068997	0.09950248756218906
chrX	3324782	3324782	0.08955223880597014
chr8	103885525	103885525	0.10091743119266056
chrX	71366498	71366498	0.09302325581395349
chr2	98610752	98610752	0.12080536912751678
chr1	9720372	9720372	0.11413043478260869
chr5	91150022	91150022	0.16176470588235295
chr11	45922915	45922915	0.2
chr22	41177139	41177139	0.0860655737704918
chr17	18988360	18988360	0.11138613861386139
chr17	1682071	1682071	0.09387755102040816
chr3	179209544	179209544	0.1111111111111111
chr11	119345695	119345695	0.045454545454545456
chr19	54930479	54930479	0.1724137931034483
chr10	27082649	27082649	0.12921348314606743
chr15	58560830	58560830	0.03225806451612903
chr10	129963570	129963570	1.0
chrX	80676882	80676882	0.14492753623188406
chr11	121549920	121549920	0.1
chr5	53101512	53101512	0.11688311688311688
chr17	79834475	79834475	0.022727272727272728
chr11	64773369	64773369	0.11650485436893204
chr19	10687386	10687386	0.13274336283185842
chr6	70172041	70172041	0.05847953216374269
chr1	216097042	216097042	0.16279069767441862
chr3	184230765	184230765	0.13846153846153847
chr6	89771488	89771488	0.15151515151515152
chr4	155353186	155353186	0.06818181818181818
chr8	143864107	143864107	0.5
chr16	15038521	15038521	0.09009009009009009
chr4	105456748	105456748	0.10810810810810811
chr2	25768830	25768830	0.13392857142857142
chr12	39341557	39341557	0.08967391304347826
chr9	13157961	13157961	0.11811023622047244
chr18	607124	607124	0.14666666666666667
chr11	13962951	13962951	0.13953488372093023
chr17	79834112	79834112	0.10650887573964497
chr9	86323173	86323173	0.11428571428571428
chr12	50085281	50085281	0.0
chr12	56092680	56092680	0.08888888888888889
chr7	123692781	123692781	0.08333333333333333
chr7	105102098	105102098	0.12
chr12	121823315	121823315	0.09615384615384616
chr6	31954644	31954644	0.10784313725490197
chr6	160083921	160083921	0.08163265306122448
chr1	155763437	155763437	0.1206896551724138
chr14	21091983	21091983	0.09473684210526316
chr6	32830257	32830257	0.125
chr2	40164836	40164836	0.0
chr15	52218519	52218519	0.10666666666666667
chr3	165830850	165830850	0.11398963730569948
chr15	66563851	66563851	0.07096774193548387
chr10	131116783	131116783	0.0
chr1	236553557	236553557	0.11458333333333333
chr15	51455086	51455086	0.14545454545454545
chr9	113184262	113184262	0.078125
chr17	74743171	74743171	0.05714285714285714
chr3	121667460	121667460	0.12264150943396226
chrX	111718232	111718232	0.14545454545454545
chr20	32780067	32780067	0.13793103448275862
chr2	61488596	61488596	0.08558558558558559
chr11	61786020	61786020	0.06666666666666667
chr8	109444563	109444563	0.03225806451612903
chr4	122229939	122229939	0.0967741935483871
chr4	72290757	72290757	0.044642857142857144
chr22	46377055	46377055	0.08333333333333333
chr4	26753792	26753792	0.13636363636363635
chr3	64687537	64687537	0.12962962962962962
chr12	50098707	50098707	0.1
chr8	52658800	52658800	0.1111111111111111
chr1	53464654	53464654	0.14285714285714285
chr2	63887416	63887416	0.10144927536231885
chr5	123422871	123422871	0.12949640287769784
chr7	147395591	147395591	0.06832298136645963
chr17	35352304	35352304	0.058823529411764705
chr2	9882672	9882672	0.06862745098039216
chr4	61935900	61935900	0.08333333333333333
chr11	27721330	27721330	0.0967741935483871
chr15	74627947	74627947	0.09219858156028368
chr11	72755625	72755625	0.09025270758122744
chr17	39490542	39490542	0.2727272727272727
chr17	7500683	7500683	0.1118421052631579
chr4	185623941	185623941	0.10204081632653061
chr18	6973046	6973046	0.09230769230769231
chr22	43626409	43626409	0.06578947368421052
chr16	27549671	27549671	0.14285714285714285
chr1	233179057	233179057	0.08661417322834646
chr1	183888422	183888422	0.09917355371900827
chr9	123070304	123070304	0.06878306878306878
chr2	48459695	48459695	0.09433962264150944
chr11	16852236	16852236	0.15254237288135594
chr3	108971263	108971263	0.09375
chr16	15888468	15888468	0.10638297872340426
chr9	93675630	93675630	0.11403508771929824
chr8	17069633	17069633	0.029411764705882353
chr1	201739967	201739967	0.0684931506849315
chr16	11039730	11039730	0.1092436974789916
chr9	8338881	8338881	0.0784313725490196
chr19	10489197	10489197	0.07692307692307693
chr4	113358913	113358913	0.12195121951219512
chr5	123386698	123386698	0.125
chr11	68065737	68065737	0.08717948717948718
chr11	31414796	31414796	0.05
chr1	8655953	8655953	0.1
chr14	21082791	21082791	0.06756756756756757
chr3	148845462	148845462	0.05263157894736842
chr5	14498516	14498516	0.0728744939271255
chr1	152155516	152155516	0.10555555555555556
chr3	109004749	109004749	0.07407407407407407
chr8	105801079	105801079	0.14444444444444443
chr7	87600047	87600047	0.13274336283185842
chr12	80209421	80209421	0.05555555555555555
chr10	126905396	126905396	0.10526315789473684
chr10	92504740	92504740	0.09375
chr6	38915186	38915186	0.05555555555555555
chr12	49037066	49037066	0.09467455621301775
chr15	34233823	34233823	0.14285714285714285
chr15	58893218	58893218	0.08256880733944955
chr7	102933845	102933845	0.14432989690721648
chr19	8954902	8954902	0.10619469026548672
chr11	992511	992511	0.05405405405405406
chr1	146960161	146960161	0.13122171945701358
chr8	123787604	123787604	0.058823529411764705
chr12	26725604	26725604	0.16101694915254236
chr15	58545731	58545731	0.09722222222222222
chr5	36970851	36970851	0.12643678160919541
chr19	10155796	10155796	0.08333333333333333
chr5	87376857	87376857	0.09243697478991597
chr21	45505804	45505804	0.2
chr14	88472291	88472291	0.16
chr1	175004552	175004552	0.027777777777777776
chr9	36840475	36840475	0.125
chr1	47289406	47289406	0.0989010989010989
chr2	61501915	61501915	0.15789473684210525
chr2	186676771	186676771	0.1
chr1	244420128	244420128	0.0967741935483871
chr1	3508560	3508560	0.08771929824561403
chr15	69014697	69014697	0.16666666666666666
chr7	147120948	147120948	0.1
chr13	108820271	108820271	0.1375
chr6	69936761	69936761	0.11009174311926606
chr4	55105783	55105783	0.03225806451612903
chr4	185593806	185593806	0.07766990291262135
chr14	32824190	32824190	0.08264462809917356
chr1	119919285	119919285	0.11666666666666667
chr13	49705599	49705599	0.07623318385650224
chr18	12673330	12673330	0.05660377358490566
chr5	13768980	13768980	0.07339449541284404
