chr8	85110086	85110086	0.0
chr19	1407834	1407834	0.5
chr2	37019897	37019897	0.24691358024691357
chr20	35716669	35716669	0.15789473684210525
chr7	138981143	138981143	0.42857142857142855
chr12	130821655	130821655	0.32608695652173914
chr6	22570143	22570143	0.32786885245901637
chr10	32543321	32543321	0.3125
chrX	150663418	150663418	0.13043478260869565
chr19	48499129	48499129	0.4117647058823529
chr13	23371018	23371018	0.2222222222222222
chr19	54153984	54153984	0.2653061224489796
chr1	117911935	117911935	0.3076923076923077
chr11	68120964	68120964	0.3305785123966942
chr8	144517573	144517573	0.27692307692307694
chr19	13208879	13208879	0.30327868852459017
chr3	33838194	33838194	0.25
chr1	36466202	36466202	0.3392857142857143
chrX	77508555	77508555	0.3181818181818182
chr1	65572304	65572304	0.3225806451612903
chr1	17359391	17359391	0.3208955223880597
chr1	235172588	235172588	0.16666666666666666
chr19	45067371	45067371	0.2
chrX	71126309	71126309	0.3076923076923077
chr16	11166440	11166440	0.3130434782608696
chr19	14051550	14051550	0.3333333333333333
chr8	68060780	68060780	0.3333333333333333
chr13	35070740	35070740	0.20588235294117646
chr10	89714926	89714926	0.2
chr13	99971150	99971150	0.2826086956521739
chr14	24300643	24300643	0.2825112107623318
chr17	63943006	63943006	0.3046153846153846
chr5	113563849	113563849	0.3282051282051282
chr10	91410428	91410428	0.3220338983050847
chr6	31629545	31629545	0.28205128205128205
chr1	25543663	25543663	0.24489795918367346
chr19	1407747	1407747	0.38095238095238093
chr14	88479264	88479264	0.23076923076923078
chrX	80688014	80688014	0.38636363636363635
chr3	126146777	126146777	0.32
chr19	16745039	16745039	0.20512820512820512
chr1	99742123	99742123	0.36619718309859156
chr15	72045678	72045678	0.28846153846153844
chr11	77955899	77955899	0.2916666666666667
chr2	233542232	233542232	0.30434782608695654
chr14	105211158	105211158	0.22727272727272727
chr5	90848599	90848599	0.3548387096774194
chr15	41711174	41711174	0.36477987421383645
chr2	196024363	196024363	0.4827586206896552
chr17	61408107	61408107	0.2903225806451613
chr17	16040364	16040364	0.25
chr17	16186602	16186602	0.28440366972477066
chr10	60068997	60068997	0.3153526970954357
chrX	3324782	3324782	0.3058823529411765
chr8	103885525	103885525	0.30386740331491713
chrX	71366498	71366498	0.2727272727272727
chr2	98610752	98610752	0.31413612565445026
chr1	9720372	9720372	0.29120879120879123
chr5	91150022	91150022	0.3448275862068966
chr11	45922915	45922915	0.3888888888888889
chr22	41177139	41177139	0.2576419213973799
chr17	18988360	18988360	0.3033175355450237
chr17	1682071	1682071	0.28426395939086296
chr3	179209544	179209544	0.21818181818181817
chr11	119345695	119345695	0.43037974683544306
chr19	54930479	54930479	0.23529411764705882
chr10	27082649	27082649	0.26595744680851063
chr15	58560830	58560830	0.38461538461538464
chr10	129963570	129963570	0.42857142857142855
chrX	80676882	80676882	0.2923076923076923
chr11	121549920	121549920	0.34782608695652173
chr5	53101512	53101512	0.26
chr17	79834475	79834475	0.359375
chr11	64773369	64773369	0.27358490566037735
chr19	10687386	10687386	0.26851851851851855
chr6	70172041	70172041	0.2653061224489796
chr1	216097042	216097042	0.3076923076923077
chr3	184230765	184230765	0.42857142857142855
chr6	89771488	89771488	0.32653061224489793
chr4	155353186	155353186	0.17647058823529413
chr8	143864107	143864107	0.3333333333333333
chr16	15038521	15038521	0.38144329896907214
chr4	105456748	105456748	0.24489795918367346
chr2	25768830	25768830	0.29239766081871343
chr12	39341557	39341557	0.2867132867132867
chr9	13157961	13157961	0.28205128205128205
chr18	607124	607124	0.36764705882352944
chr11	13962951	13962951	0.3431372549019608
chr17	79834112	79834112	0.32620320855614976
chr9	86323173	86323173	0.3006993006993007
chr12	50085281	50085281	0.3333333333333333
chr12	56092680	56092680	0.15254237288135594
chr7	123692781	123692781	0.2857142857142857
chr7	105102098	105102098	0.3058823529411765
chr12	121823315	121823315	0.3333333333333333
chr6	31954644	31954644	0.26373626373626374
chr6	160083921	160083921	0.25675675675675674
chr1	155763437	155763437	0.2796610169491525
chr14	21091983	21091983	0.4057971014492754
chr6	32830257	32830257	0.27941176470588236
chr2	40164836	40164836	0.13157894736842105
chr15	52218519	52218519	0.3
chr3	165830850	165830850	0.28
chr15	66563851	66563851	0.29577464788732394
chr10	131116783	131116783	0.4
chr1	236553557	236553557	0.2553191489361702
chr15	51455086	51455086	0.20512820512820512
chr9	113184262	113184262	0.32231404958677684
chr17	74743171	74743171	0.32142857142857145
chr3	121667460	121667460	0.34408602150537637
chrX	111718232	111718232	0.35
chr20	32780067	32780067	0.35
chr2	61488596	61488596	0.25149700598802394
chr11	61786020	61786020	0.3194444444444444
chr8	109444563	109444563	0.36363636363636365
chr4	122229939	122229939	0.28703703703703703
chr4	72290757	72290757	0.3522727272727273
chr22	46377055	46377055	0.30275229357798167
chr4	26753792	26753792	0.3467741935483871
chr3	64687537	64687537	0.29411764705882354
chr12	50098707	50098707	0.28703703703703703
chr8	52658800	52658800	0.25
chr1	53464654	53464654	0.4090909090909091
chr2	63887416	63887416	0.20430107526881722
chr5	123422871	123422871	0.3090909090909091
chr7	147395591	147395591	0.31521739130434784
chr17	35352304	35352304	0.3484848484848485
chr2	9882672	9882672	0.3023255813953488
chr4	61935900	61935900	0.3181818181818182
chr11	27721330	27721330	0.26804123711340205
chr15	74627947	74627947	0.3466666666666667
chr11	72755625	72755625	0.32142857142857145
chr17	39490542	39490542	0.24
chr17	7500683	7500683	0.3150684931506849
chr4	185623941	185623941	0.3177570093457944
chr18	6973046	6973046	0.27835051546391754
chr22	43626409	43626409	0.34375
chr16	27549671	27549671	0.2
chr1	233179057	233179057	0.23036649214659685
chr1	183888422	183888422	0.27702702702702703
chr9	123070304	123070304	0.2786885245901639
chr2	48459695	48459695	0.38271604938271603
chr11	16852236	16852236	0.23
chr3	108971263	108971263	0.28865979381443296
chr16	15888468	15888468	0.39215686274509803
chr9	93675630	93675630	0.2756756756756757
chr8	17069633	17069633	0.1875
chr1	201739967	201739967	0.38
chr16	11039730	11039730	0.296875
chr9	8338881	8338881	0.3106060606060606
chr19	10489197	10489197	0.3181818181818182
chr4	113358913	113358913	0.30952380952380953
chr5	123386698	123386698	0.3918918918918919
chr11	68065737	68065737	0.34782608695652173
chr11	31414796	31414796	0.34
chr1	8655953	8655953	0.38620689655172413
chr14	21082791	21082791	0.15730337078651685
chr3	148845462	148845462	0.3246753246753247
chr5	14498516	14498516	0.2696078431372549
chr1	152155516	152155516	0.30665920537213204
chr3	109004749	109004749	0.3137254901960784
chr8	105801079	105801079	0.3103448275862069
chr7	87600047	87600047	0.23684210526315788
chr12	80209421	80209421	0.5294117647058824
chr10	126905396	126905396	0.2413793103448276
chr10	92504740	92504740	0.3958333333333333
chr6	38915186	38915186	0.18604651162790697
chr12	49037066	49037066	0.2619047619047619
chr15	34233823	34233823	0.34444444444444444
chr15	58893218	58893218	0.36065573770491804
chr7	102933845	102933845	0.3254437869822485
chr19	8954902	8954902	0.32386363636363635
chr11	992511	992511	0.32
chr1	146960161	146960161	0.2819843342036554
chr8	123787604	123787604	0.3488372093023256
chr12	26725604	26725604	0.3435114503816794
chr15	58545731	58545731	0.36538461538461536
chr5	36970851	36970851	0.265625
chr19	10155796	10155796	0.2962962962962963
chr5	87376857	87376857	0.3
chr21	45505804	45505804	0.32608695652173914
chr14	88472291	88472291	0.22950819672131148
chr1	175004552	175004552	0.2682926829268293
chr9	36840475	36840475	0.21568627450980393
chr1	47289406	47289406	0.34328358208955223
chr2	61501915	61501915	0.2962962962962963
chr2	186676771	186676771	0.3877551020408163
chr1	244420128	244420128	0.47619047619047616
chr1	3508560	3508560	0.3877551020408163
chr15	69014697	69014697	0.2867132867132867
chr7	147120948	147120948	0.24793388429752067
chr13	108820271	108820271	0.34210526315789475
chr6	69936761	69936761	0.29508196721311475
chr4	55105783	55105783	0.2767857142857143
chr4	185593806	185593806	0.34545454545454546
chr14	32824190	32824190	0.29957805907172996
chr1	119919285	119919285	0.26595744680851063
chr13	49705599	49705599	0.26881720430107525
chr18	12673330	12673330	0.2647058823529412
chr5	13768980	13768980	0.3522012578616352
